time,potential,current1_mA,coll_current,current1,current1_muA
2309.794,0.8323149999999999,-0.001135,,-1.135e-06,-1.135
2309.861,0.829216,-0.001276,,-1.276e-06,-1.276
2309.926,0.825773,-0.001256,,-1.256e-06,-1.256
2309.992,0.822674,-0.001204,,-1.204e-06,-1.204
2310.0589999999997,0.8194020000000001,-0.001348,,-1.348e-06,-1.348
2310.124,0.815959,-0.00139,,-1.39e-06,-1.39
2310.197,0.812688,-0.001397,,-1.397e-06,-1.3969999999999998
2310.264,0.809589,-0.0014789999999999998,,-1.4790000000000002e-06,-1.479
2310.331,0.805974,-0.001407,,-1.4069999999999998e-06,-1.4069999999999998
2310.397,0.8030470000000001,-0.001541,,-1.5410000000000004e-06,-1.541
2310.4629999999997,0.799603,-0.001648,,-1.6480000000000001e-06,-1.6480000000000001
2310.53,0.7963319999999999,-0.001586,,-1.586e-06,-1.586
2310.597,0.793405,-0.001734,,-1.734e-06,-1.734
2310.665,0.7899619999999999,-0.001831,,-1.831e-06,-1.831
2310.729,0.786863,-0.001827,,-1.8269999999999998e-06,-1.827
2310.7929999999997,0.783764,-0.001896,,-1.896e-06,-1.896
2310.86,0.7806649999999999,-0.002099,,-2.099e-06,-2.099
2310.929,0.7772220000000001,-0.002082,,-2.0819999999999997e-06,-2.0820000000000003
2310.996,0.774123,-0.002213,,-2.2130000000000002e-06,-2.213
2311.062,0.771196,-0.002368,,-2.368e-06,-2.3680000000000003
2311.1279999999997,0.7675810000000001,-0.002354,,-2.3540000000000002e-06,-2.354
2311.194,0.764654,-0.002416,,-2.416e-06,-2.4160000000000004
2311.258,0.761555,-0.0025670000000000003,,-2.5669999999999997e-06,-2.5669999999999997
2311.326,0.758111,-0.002636,,-2.6360000000000003e-06,-2.636
2311.393,0.75484,-0.002633,,-2.633e-06,-2.633
2311.4610000000002,0.751741,-0.002829,,-2.829e-06,-2.829
2311.527,0.7482979999999999,-0.0028120000000000003,,-2.8120000000000004e-06,-2.8120000000000003
2311.594,0.745199,-0.002839,,-2.839e-06,-2.839
2311.661,0.7417560000000001,-0.003012,,-3.0119999999999997e-06,-3.012
2311.724,0.738829,-0.003063,,-3.063e-06,-3.063
2311.7889999999998,0.73573,-0.003036,,-3.036e-06,-3.036
2311.855,0.732631,-0.003108,,-3.108e-06,-3.108
2311.922,0.72936,-0.00328,,-3.28e-06,-3.28
2311.988,0.726089,-0.0032630000000000003,,-3.2630000000000008e-06,-3.2630000000000003
2312.055,0.723162,-0.0033490000000000004,,-3.349000000000001e-06,-3.3489999999999998
2312.12,0.719891,-0.0035280000000000008,,-3.5280000000000008e-06,-3.5280000000000005
2312.186,0.716619,-0.00358,,-3.58e-06,-3.58
2312.252,0.7135199999999999,-0.003628,,-3.628e-06,-3.628
2312.3179999999998,0.710421,-0.003835,,-3.8350000000000006e-06,-3.835
2312.381,0.707495,-0.004017,,-4.017e-06,-4.017
2312.447,0.704051,-0.004113,,-4.113e-06,-4.113
2312.513,0.7012970000000001,-0.004251,,-4.2510000000000005e-06,-4.251
2312.5820000000003,0.697853,-0.0045780000000000005,,-4.578000000000002e-06,-4.578
2312.649,0.694754,-0.0047020000000000005,,-4.702e-06,-4.702000000000001
2312.715,0.6918270000000001,-0.004899000000000001,,-4.899000000000002e-06,-4.899000000000001
2312.782,0.6885560000000001,-0.005084,,-5.084e-06,-5.084
2312.847,0.685113,-0.004988,,-4.988e-06,-4.988
2312.9139999999998,0.682186,-0.004788000000000001,,-4.7880000000000006e-06,-4.788
2312.9829999999997,0.678399,-0.004623,,-4.6230000000000005e-06,-4.622999999999998
2313.05,0.674955,-0.004244,,-4.244e-06,-4.244
2313.116,0.672028,-0.004107,,-4.1070000000000015e-06,-4.107
2313.183,0.668585,-0.004079,,-4.078999999999999e-06,-4.079
2313.249,0.66497,-0.003965,,-3.965e-06,-3.965
2313.312,0.662043,-0.003959000000000001,,-3.9590000000000006e-06,-3.959000000000001
2313.3779999999997,0.658944,-0.004065,,-4.065e-06,-4.065
2313.444,0.655328,-0.004079,,-4.078999999999999e-06,-4.079
2313.51,0.652229,-0.0040030000000000005,,-4.0030000000000005e-06,-4.003
2313.576,0.64913,-0.004082,,-4.082e-06,-4.082
2313.643,0.645687,-0.004155,,-4.155e-06,-4.155
2313.708,0.642416,-0.004093,,-4.0930000000000005e-06,-4.093
2313.772,0.6394890000000001,-0.004103,,-4.103e-06,-4.103
2313.839,0.6362180000000001,-0.004234,,-4.234e-06,-4.234
2313.906,0.632602,-0.004217,,-4.2170000000000005e-06,-4.2170000000000005
2313.973,0.629848,-0.004196,,-4.196e-06,-4.196000000000001
2314.0389999999998,0.626404,-0.004313,,-4.313e-06,-4.313
2314.105,0.622961,-0.0043170000000000005,,-4.3169999999999995e-06,-4.317
2314.169,0.619862,-0.004272,,-4.272e-06,-4.2719999999999985
2314.235,0.6167630000000001,-0.004323,,-4.323e-06,-4.323
2314.301,0.613492,-0.004434,,-4.433999999999999e-06,-4.434
2314.367,0.610049,-0.004382,,-4.382e-06,-4.382
2314.43,0.607122,-0.004365,,-4.365e-06,-4.365
2314.4970000000003,0.6041949999999999,-0.004465,,-4.465e-06,-4.465
2314.563,0.600407,-0.004503,,-4.503e-06,-4.503
2314.633,0.597481,-0.004423,,-4.423e-06,-4.423
2314.698,0.594037,-0.004516,,-4.5160000000000005e-06,-4.516
2314.764,0.590594,-0.004496,,-4.496e-06,-4.496
2314.8320000000003,0.587495,-0.004427,,-4.427e-06,-4.4270000000000005
2314.904,0.583707,-0.004516,,-4.5160000000000005e-06,-4.516
2314.97,0.580608,-0.004437,,-4.437e-06,-4.437
2315.038,0.577337,-0.004523,,-4.523e-06,-4.523
2315.103,0.574066,-0.004551,,-4.5509999999999984e-06,-4.550999999999998
2315.169,0.57045,-0.004454,,-4.454e-06,-4.454
2315.235,0.567524,-0.004472,,-4.4720000000000006e-06,-4.4719999999999995
2315.301,0.56408,-0.004551,,-4.5509999999999984e-06,-4.550999999999998
2315.367,0.560809,-0.004485,,-4.485e-06,-4.485
2315.4339999999997,0.557538,-0.004447,,-4.447e-06,-4.446999999999999
2315.5,0.554439,-0.004554,,-4.554e-06,-4.553999999999999
2315.5660000000003,0.550824,-0.0045130000000000005,,-4.5130000000000015e-06,-4.513000000000001
2315.634,0.547725,-0.004461,,-4.4609999999999985e-06,-4.4609999999999985
2315.699,0.544453,-0.004565,,-4.565e-06,-4.565
2315.771,0.54101,-0.004461,,-4.4609999999999985e-06,-4.4609999999999985
2315.835,0.5377390000000001,-0.004516,,-4.5160000000000005e-06,-4.516
2315.903,0.5341229999999999,-0.004606,,-4.6060000000000005e-06,-4.606
2315.969,0.530852,-0.004529999999999999,,-4.529999999999998e-06,-4.5299999999999985
2316.036,0.5275810000000001,-0.004602,,-4.602e-06,-4.602
2316.103,0.524138,-0.004682,,-4.682e-06,-4.6819999999999995
2316.169,0.520695,-0.004613,,-4.613e-06,-4.613
2316.237,0.517768,-0.004713,,-4.713e-06,-4.713
2316.305,0.51398,-0.00475,,-4.75e-06,-4.75
2316.371,0.510709,-0.004719,,-4.719e-06,-4.718999999999999
2316.437,0.507782,-0.004837,,-4.837e-06,-4.837
2316.5,0.5045109999999999,-0.00493,,-4.9299999999999985e-06,-4.93
2316.567,0.5007229999999999,-0.004926,,-4.926e-06,-4.926
2316.634,0.497969,-0.00495,,-4.95e-06,-4.95
2316.7,0.494525,-0.005104999999999999,,-5.1049999999999986e-06,-5.105
2316.766,0.49091,-0.005098,,-5.098e-06,-5.098
2316.8320000000003,0.487983,-0.005095000000000001,,-5.095e-06,-5.0950000000000015
2316.899,0.48454,-0.005243,,-5.2430000000000005e-06,-5.242999999999999
2316.9629999999997,0.481269,-0.005281,,-5.281e-06,-5.281000000000001
2317.027,0.477997,-0.005246,,-5.2459999999999986e-06,-5.246
2317.095,0.4748979999999999,-0.005253,,-5.253e-06,-5.252999999999999
2317.163,0.471283,-0.005308,,-5.308e-06,-5.308
2317.2329999999997,0.46784,-0.005174,,-5.174e-06,-5.174
2317.3,0.464396,-0.005219,,-5.219e-06,-5.2189999999999985
2317.367,0.4607810000000001,-0.005053,,-5.0530000000000014e-06,-5.053
2317.435,0.457337,-0.004947,,-4.947e-06,-4.947
2317.498,0.454238,-0.004878,,-4.8780000000000006e-06,-4.878
2317.563,0.450795,-0.004737,,-4.737e-06,-4.737
2317.63,0.447352,-0.004472,,-4.4720000000000006e-06,-4.4719999999999995
2317.696,0.444253,-0.004365,,-4.365e-06,-4.365
2317.763,0.440465,-0.004231,,-4.2310000000000015e-06,-4.231000000000001
2317.828,0.437194,-0.003972,,-3.972e-06,-3.972
2317.894,0.434095,-0.003824,,-3.824e-06,-3.824
2317.962,0.430307,-0.003745000000000001,,-3.7450000000000006e-06,-3.745000000000001
2318.029,0.426864,-0.003487,,-3.487e-06,-3.487
2318.096,0.423765,-0.003449,,-3.4490000000000008e-06,-3.4490000000000003
2318.163,0.419977,-0.0033490000000000004,,-3.349000000000001e-06,-3.3489999999999998
2318.23,0.417051,-0.003139,,-3.139e-06,-3.139
2318.294,0.413779,-0.003098,,-3.098e-06,-3.0980000000000003
2318.36,0.410336,-0.003098,,-3.098e-06,-3.0980000000000003
2318.426,0.407065,-0.002926,,-2.926e-06,-2.926
2318.492,0.403966,-0.002857,,-2.8570000000000008e-06,-2.8569999999999998
2318.556,0.400867,-0.002877,,-2.877e-06,-2.877
2318.621,0.397424,-0.00286,,-2.86e-06,-2.8600000000000003
2318.686,0.394153,-0.002715,,-2.715e-06,-2.715
2318.752,0.391054,-0.002681,,-2.6810000000000003e-06,-2.681
2318.817,0.387782,-0.00274,,-2.74e-06,-2.74
2318.88,0.384683,-0.002719,,-2.7189999999999997e-06,-2.719
2318.947,0.381584,-0.002571,,-2.571e-06,-2.571
2319.013,0.378141,-0.002598,,-2.598e-06,-2.5980000000000003
2319.0789999999997,0.37487,-0.00266,,-2.66e-06,-2.66
2319.146,0.371771,-0.00253,,-2.5300000000000003e-06,-2.53
2319.212,0.3685,-0.002536,,-2.536e-06,-2.536
2319.277,0.365401,-0.0026260000000000003,,-2.6260000000000004e-06,-2.6260000000000003
2319.343,0.361958,-0.0025670000000000003,,-2.5669999999999997e-06,-2.5669999999999997
2319.409,0.359031,-0.002485,,-2.4850000000000003e-06,-2.4850000000000003
2319.476,0.355587,-0.002605,,-2.605e-06,-2.605
2319.54,0.352316,-0.002616,,-2.616e-06,-2.616
2319.607,0.349217,-0.002502,,-2.502e-06,-2.502
2319.674,0.34594600000000003,-0.002571,,-2.571e-06,-2.571
2319.742,0.342675,-0.002571,,-2.571e-06,-2.571
2319.8070000000002,0.33957600000000004,-0.002474,,-2.4739999999999995e-06,-2.474
2319.873,0.336305,-0.002526,,-2.526e-06,-2.526
2319.938,0.332861,-0.002578,,-2.578e-06,-2.5780000000000003
2320.002,0.33010700000000004,-0.0025050000000000003,,-2.505e-06,-2.5050000000000003
2320.069,0.326664,-0.002426,,-2.426e-06,-2.426
2320.136,0.323392,-0.002533,,-2.533e-06,-2.5329999999999995
2320.2,0.320293,-0.002523,,-2.523e-06,-2.523
2320.263,0.317539,-0.002457,,-2.457e-06,-2.457
2320.328,0.314095,-0.002402,,-2.402e-06,-2.4019999999999997
2320.396,0.310652,-0.002526,,-2.526e-06,-2.526
2320.4629999999997,0.307553,-0.002447,,-2.447e-06,-2.447
2320.527,0.304282,-0.002392,,-2.3919999999999997e-06,-2.392
2320.596,0.300839,-0.002512,,-2.512e-06,-2.512
2320.6620000000003,0.29774,-0.00244,,-2.44e-06,-2.44
2320.728,0.294296,-0.002378,,-2.378e-06,-2.378
2320.794,0.291025,-0.002478,,-2.478e-06,-2.478
2320.86,0.288098,-0.002461,,-2.461e-06,-2.4610000000000003
2320.925,0.284999,-0.002357,,-2.357e-06,-2.3569999999999998
2320.991,0.281384,-0.002385,,-2.385e-06,-2.385
2321.056,0.278285,-0.00245,,-2.45e-06,-2.45
2321.125,0.275014,-0.0023190000000000003,,-2.319e-06,-2.3190000000000004
2321.192,0.27157,-0.002364,,-2.364e-06,-2.3640000000000003
2321.26,0.268471,-0.002375,,-2.375e-06,-2.375
2321.3289999999997,0.264856,-0.002278,,-2.278e-06,-2.278
2321.411,0.260724,-0.002292,,-2.292e-06,-2.2920000000000003
2321.4829999999997,0.257625,-0.002275,,-2.275e-06,-2.275
2321.556,0.25366500000000003,-0.00235,,-2.35e-06,-2.35
2321.627,0.250394,-0.002216,,-2.216e-06,-2.2159999999999997
2321.696,0.246779,-0.00234,,-2.34e-06,-2.34
2321.766,0.24368,-0.002213,,-2.2130000000000002e-06,-2.213
2321.833,0.239892,-0.002309,,-2.3090000000000003e-06,-2.309
2321.903,0.236965,-0.002247,,-2.247e-06,-2.247
2321.971,0.233522,-0.00224,,-2.24e-06,-2.24
2322.038,0.229906,-0.00233,,-2.33e-06,-2.33
2322.104,0.226979,-0.002202,,-2.202e-06,-2.202
2322.1710000000003,0.223536,-0.002247,,-2.247e-06,-2.247
2322.239,0.220265,-0.002302,,-2.302e-06,-2.302
2322.302,0.217166,-0.002251,,-2.251e-06,-2.251
2322.366,0.214239,-0.002189,,-2.189e-06,-2.189
2322.4320000000002,0.210624,-0.002264,,-2.2640000000000003e-06,-2.2640000000000002
2322.498,0.207697,-0.00233,,-2.33e-06,-2.33
2322.563,0.204426,-0.0022440000000000003,,-2.2440000000000005e-06,-2.244
2322.629,0.200982,-0.002223,,-2.223e-06,-2.2230000000000003
2322.699,0.197711,-0.002344,,-2.3440000000000003e-06,-2.3440000000000003
2322.765,0.194612,-0.0022440000000000003,,-2.2440000000000005e-06,-2.244
2322.831,0.191341,-0.002309,,-2.3090000000000003e-06,-2.309
2322.897,0.187898,-0.002416,,-2.416e-06,-2.4160000000000004
2322.96,0.184971,-0.002406,,-2.406e-06,-2.406
2323.028,0.1817,-0.0023190000000000003,,-2.319e-06,-2.3190000000000004
2323.094,0.178257,-0.002457,,-2.457e-06,-2.457
2323.161,0.17515799999999998,-0.002468,,-2.4680000000000003e-06,-2.468
2323.2270000000003,0.17188599999999998,-0.002399,,-2.3990000000000002e-06,-2.399
2323.294,0.168615,-0.00253,,-2.5300000000000003e-06,-2.53
2323.359,0.165516,-0.002595,,-2.595e-06,-2.595
2323.422,0.162417,-0.002564,,-2.564e-06,-2.5639999999999996
2323.489,0.159146,-0.002523,,-2.523e-06,-2.523
2323.558,0.155703,-0.002695,,-2.695e-06,-2.695
2323.624,0.152604,-0.002636,,-2.6360000000000003e-06,-2.636
2323.687,0.149505,-0.002629,,-2.629e-06,-2.6289999999999996
2323.75,0.146406,-0.002691,,-2.691e-06,-2.6910000000000003
2323.8160000000003,0.14313499999999998,-0.002843,,-2.843e-06,-2.843
2323.883,0.13986400000000002,-0.002815,,-2.815e-06,-2.815
2323.951,0.136765,-0.002839,,-2.839e-06,-2.839
2324.014,0.133666,-0.0029530000000000003,,-2.9530000000000008e-06,-2.9530000000000003
2324.078,0.130394,-0.003053,,-3.053e-06,-3.053
2324.144,0.127123,-0.003022,,-3.022e-06,-3.022
2324.21,0.124024,-0.00306,,-3.0600000000000008e-06,-3.06
2324.277,0.120753,-0.003246,,-3.2460000000000008e-06,-3.2460000000000004
2324.343,0.117482,-0.0032600000000000003,,-3.26e-06,-3.26
2324.411,0.114555,-0.003301,,-3.3010000000000002e-06,-3.301
2324.4829999999997,0.110595,-0.0034560000000000003,,-3.456000000000001e-06,-3.4560000000000004
2324.5460000000003,0.107669,-0.003487,,-3.487e-06,-3.487
2324.614,0.104742,-0.003666,,-3.666e-06,-3.666
2324.6820000000002,0.100954,-0.00379,,-3.79e-06,-3.79
2324.751,0.097855,-0.003869,,-3.869e-06,-3.869
2324.817,0.094756,-0.004113,,-4.113e-06,-4.113
2324.884,0.091485,-0.00421,,-4.21e-06,-4.21
2324.95,0.088214,-0.004351,,-4.351e-06,-4.351
2325.013,0.085287,-0.004592000000000001,,-4.592e-06,-4.5920000000000005
2325.081,0.08201599999999999,-0.0048920000000000005,,-4.892000000000002e-06,-4.8919999999999995
2325.149,0.07874500000000001,-0.005071,,-5.071e-06,-5.071000000000001
2325.215,0.07599,-0.005474000000000001,,-5.474e-06,-5.474
2325.28,0.072547,-0.005849,,-5.848999999999999e-06,-5.849
2325.346,0.069276,-0.006186,,-6.1860000000000006e-06,-6.186
2325.4139999999998,0.066521,-0.006744,,-6.744e-06,-6.744
2325.493,0.06290599999999999,-0.007443000000000002,,-7.443e-06,-7.443
2325.563,0.05929,-0.008232,,-8.232e-06,-8.232000000000001
2325.631,0.056708,-0.009075,,-9.075e-06,-9.075
2325.699,0.054642,-0.008628,,-8.628000000000001e-06,-8.628
2325.765,0.055502,-0.003711,,-3.711e-06,-3.7110000000000003
2325.833,0.057396,-0.001979,,-1.979e-06,-1.979
2325.899,0.059118,-0.000994,,-9.940000000000001e-07,-0.994
2325.964,0.061012,-0.000161,,-1.6100000000000003e-07,-0.161
2326.03,0.06359400000000001,0.000456,,4.56e-07,0.456
2326.1079999999997,0.066349,0.000952,,9.520000000000001e-07,0.9520000000000001
2326.178,0.069448,0.001134,,1.134e-06,1.134
2326.242,0.07203,0.001351,,1.3509999999999999e-06,1.351
2326.3089999999997,0.07530099999999999,0.00153,,1.5300000000000004e-06,1.53
2326.376,0.0784,0.001478,,1.478e-06,1.4780000000000002
2326.4410000000003,0.08115499999999999,0.001499,,1.4990000000000004e-06,1.499
2326.507,0.084426,0.001558,,1.5580000000000002e-06,1.5579999999999998
2326.575,0.08787,0.001406,,1.4060000000000002e-06,1.406
2326.641,0.090969,0.001351,,1.3509999999999999e-06,1.351
2326.7039999999997,0.093895,0.001344,,1.344e-06,1.344
2326.8089999999997,0.099577,0.001258,,1.258e-06,1.258
2326.881,0.10302,0.001086,,1.086e-06,1.086
2326.949,0.106636,0.001083,,1.083e-06,1.083
2327.0170000000003,0.110079,0.0008789999999999999,,8.789999999999998e-07,0.8789999999999999
2327.084,0.11335,0.000897,,8.97e-07,0.897
2327.151,0.117138,0.00081,,8.1e-07,0.8099999999999999
2327.216,0.12023699999999997,0.000659,,6.590000000000001e-07,0.6589999999999999
2327.279,0.123336,0.000604,,6.040000000000001e-07,0.6040000000000001
2327.343,0.126779,0.000621,,6.210000000000001e-07,0.621
2327.411,0.130222,0.000559,,5.590000000000001e-07,0.5589999999999999
2327.4770000000003,0.133666,0.000411,,4.11e-07,0.411
2327.5429999999997,0.13693699999999998,0.000445,,4.45e-07,0.445
2327.609,0.140552,0.000421,,4.21e-07,0.42100000000000004
2327.674,0.143651,0.00026000000000000003,,2.6000000000000005e-07,0.26
2327.741,0.14675,0.000256,,2.56e-07,0.256
2327.812,0.150538,0.00027,,2.7e-07,0.27
2327.877,0.153981,0.000111,,1.11e-07,0.11100000000000003
2327.944,0.157252,0.000198,,1.98e-07,0.198
2328.009,0.160524,0.000139,,1.3900000000000001e-07,0.13899999999999998
2328.074,0.163795,5e-06,,5e-09,0.005
2328.14,0.167238,2.2e-05,,2.2000000000000002e-08,0.022000000000000002
2328.206,0.170853,7.7e-05,,7.7e-08,0.077
2328.277,0.174125,-8.8e-05,,-8.800000000000001e-08,-0.08800000000000001
2328.341,0.177396,-5e-05,,-5e-08,-0.05
2328.408,0.180667,-1.9e-05,,-1.8999999999999998e-08,-0.019
2328.475,0.183766,-0.000171,,-1.71e-07,-0.171
2328.541,0.187209,-0.000109,,-1.09e-07,-0.109
2328.606,0.19048,-8.8e-05,,-8.800000000000001e-08,-0.08800000000000001
2328.6710000000003,0.193751,-0.000188,,-1.8800000000000002e-07,-0.188
2328.737,0.197195,-0.00025,,-2.5e-07,-0.25
2328.804,0.20081,-0.000154,,-1.54e-07,-0.154
2328.873,0.203909,-0.000291,,-2.9100000000000005e-07,-0.29100000000000004
2328.94,0.207353,-0.000254,,-2.54e-07,-0.254
2329.006,0.210452,-0.000198,,-1.98e-07,-0.198
2329.072,0.213895,-0.000312,,-3.12e-07,-0.312
2329.137,0.217166,-0.00032900000000000003,,-3.2900000000000005e-07,-0.32899999999999996
2329.2,0.220437,-0.000281,,-2.81e-07,-0.281
2329.263,0.223536,-0.000229,,-2.2899999999999997e-07,-0.22899999999999998
2329.33,0.226807,-0.000319,,-3.19e-07,-0.319
2329.397,0.230251,-0.000346,,-3.46e-07,-0.34600000000000003
2329.464,0.233694,-0.000236,,-2.3600000000000002e-07,-0.23600000000000002
2329.534,0.236965,-0.000381,,-3.8100000000000004e-07,-0.381
2329.601,0.240581,-0.000295,,-2.9500000000000003e-07,-0.29500000000000004
2329.667,0.24350700000000006,-0.000298,,-2.98e-07,-0.298
2329.734,0.246779,-0.000408,,-4.0799999999999995e-07,-0.408
2329.8,0.250394,-0.000319,,-3.19e-07,-0.319
2329.867,0.253493,-0.000322,,-3.2200000000000005e-07,-0.322
2329.931,0.25642,-0.0004150000000000001,,-4.150000000000001e-07,-0.415
2329.994,0.259691,-0.000446,,-4.46e-07,-0.446
2330.0589999999997,0.263306,-0.000377,,-3.7700000000000005e-07,-0.377
2330.126,0.266233,-0.000357,,-3.5700000000000003e-07,-0.35700000000000004
2330.192,0.269504,-0.00047,,-4.700000000000001e-07,-0.47
2330.256,0.272948,-0.00046,,-4.6e-07,-0.46
2330.324,0.276219,-0.00036,,-3.600000000000001e-07,-0.36000000000000004
2330.389,0.279318,-0.000443,,-4.43e-07,-0.44299999999999995
2330.4570000000003,0.283106,-0.000453,,-4.53e-07,-0.45299999999999996
2330.524,0.286377,-0.00036,,-3.600000000000001e-07,-0.36000000000000004
2330.59,0.289304,-0.000453,,-4.53e-07,-0.45299999999999996
2330.657,0.292919,-0.00045,,-4.5e-07,-0.45
2330.723,0.29619,-0.000357,,-3.5700000000000003e-07,-0.35700000000000004
2330.786,0.298945,-0.000364,,-3.64e-07,-0.364
2330.85,0.302216,-0.000436,,-4.36e-07,-0.4360000000000001
2330.9139999999998,0.305487,-0.00046,,-4.6e-07,-0.46
2330.982,0.309103,-0.000315,,-3.15e-07,-0.315
2331.049,0.312202,-0.0004190000000000001,,-4.19e-07,-0.419
2331.116,0.315645,-0.000446,,-4.46e-07,-0.446
2331.181,0.31908800000000004,-0.000295,,-2.9500000000000003e-07,-0.29500000000000004
2331.2470000000003,0.321843,-0.000309,,-3.09e-07,-0.309
2331.313,0.325286,-0.000398,,-3.98e-07,-0.39799999999999996
2331.3779999999997,0.32873,-0.00032900000000000003,,-3.2900000000000005e-07,-0.32899999999999996
2331.4410000000003,0.331829,-0.000257,,-2.5699999999999993e-07,-0.25699999999999995
2331.507,0.334927,-0.000257,,-2.5699999999999993e-07,-0.25699999999999995
2331.573,0.338199,-0.000312,,-3.12e-07,-0.312
2331.641,0.34147,-0.000192,,-1.92e-07,-0.192
2331.709,0.344913,-0.000229,,-2.2899999999999997e-07,-0.22899999999999998
2331.775,0.348012,-0.00027400000000000005,,-2.7400000000000004e-07,-0.27399999999999997
2331.842,0.351455,-0.000109,,-1.09e-07,-0.109
2331.908,0.354554,-0.000136,,-1.36e-07,-0.136
2331.972,0.357481,-0.000188,,-1.8800000000000002e-07,-0.188
2332.041,0.361269,-5.400000000000001e-05,,-5.4000000000000014e-08,-0.054000000000000006
2332.1079999999997,0.364368,-6.1e-05,,-6.099999999999999e-08,-0.061
2332.175,0.367811,7e-05,,6.999999999999999e-08,0.06999999999999999
2332.241,0.371082,5e-05,,5e-08,0.05
2332.3070000000002,0.3743530000000001,5e-05,,5e-08,0.05
2332.373,0.37728,-2.6e-05,,-2.6e-08,-0.026
2332.436,0.380724,1.2e-05,,1.2e-08,0.012
2332.506,0.384167,0.00016299999999999998,,1.6300000000000002e-07,0.16299999999999998
2332.573,0.387266,8.4e-05,,8.4e-08,0.08399999999999999
2332.64,0.390709,0.000173,,1.73e-07,0.173
2332.7070000000003,0.39398,0.000291,,2.9100000000000005e-07,0.29100000000000004
2332.7729999999997,0.397252,0.000208,,2.08e-07,0.208
2332.84,0.400351,0.000308,,3.08e-07,0.308
2332.9139999999998,0.403966,0.000308,,3.08e-07,0.308
2332.986,0.407581,0.0004940000000000001,,4.940000000000001e-07,0.4940000000000001
2333.053,0.410853,0.000445,,4.45e-07,0.445
2333.12,0.413952,0.000552,,5.520000000000001e-07,0.5519999999999999
2333.188,0.417395,0.0006900000000000001,,6.900000000000001e-07,0.6900000000000001
2333.2529999999997,0.420838,0.000683,,6.83e-07,0.6829999999999999
2333.319,0.423765,0.000786,,7.86e-07,0.7859999999999999
2333.387,0.427208,0.000986,,9.86e-07,0.986
2333.451,0.43048,0.001027,,1.027e-06,1.0270000000000001
2333.516,0.433234,0.001079,,1.079e-06,1.079
2333.584,0.436505,0.00133,,1.33e-06,1.33
2333.652,0.440121,0.001413,,1.413e-06,1.413
2333.717,0.443048,0.001506,,1.5059999999999999e-06,1.506
2333.785,0.446491,0.001775,,1.7750000000000004e-06,1.775
2333.8520000000003,0.44959,0.001854,,1.854e-06,1.854
2333.916,0.452689,0.001947,,1.947e-06,1.947
2333.98,0.455271,0.0021260000000000003,,2.1260000000000005e-06,2.1260000000000003
2334.047,0.458715,0.002336,,2.3359999999999997e-06,2.336
2334.114,0.462158,0.002367,,2.3670000000000004e-06,2.367
2334.181,0.465085,0.002508,,2.508e-06,2.508
2334.249,0.4687,0.002635,,2.635e-06,2.635
2334.315,0.472144,0.002629,,2.629e-06,2.6289999999999996
2334.382,0.474726,0.002756,,2.7560000000000004e-06,2.7560000000000002
2334.447,0.478342,0.002814,,2.8139999999999997e-06,2.8139999999999996
2334.51,0.481441,0.002787,,2.7869999999999997e-06,2.787
2334.577,0.48454,0.002718,,2.718e-06,2.718
2334.644,0.487811,0.002825,,2.825e-06,2.825
2334.716,0.491598,0.002677,,2.677e-06,2.677
2334.782,0.494525,0.002728,,2.728e-06,2.728
2334.848,0.498313,0.002715,,2.715e-06,2.715
2334.9139999999998,0.501412,0.0025670000000000003,,2.5669999999999997e-06,2.5669999999999997
2334.9829999999997,0.504683,0.002594,,2.5939999999999996e-06,2.594
2335.049,0.508126,0.002542,,2.542e-06,2.542
2335.117,0.5113979999999999,0.002422,,2.422e-06,2.422
2335.18,0.514324,0.002432,,2.4319999999999998e-06,2.432
2335.245,0.51794,0.00247,,2.47e-06,2.47
2335.311,0.521555,0.002367,,2.3670000000000004e-06,2.367
2335.377,0.524654,0.002305,,2.3050000000000004e-06,2.305
2335.445,0.528098,0.0023940000000000003,,2.3940000000000003e-06,2.394
2335.51,0.531369,0.0023190000000000003,,2.319e-06,2.3190000000000004
2335.574,0.534468,0.002226,,2.226e-06,2.226
2335.641,0.5377390000000001,0.002295,,2.295e-06,2.295
2335.7070000000003,0.5411819999999999,0.002326,,2.326e-06,2.326
2335.7729999999997,0.544626,0.002219,,2.219e-06,2.219
2335.8379999999997,0.547552,0.002236,,2.2360000000000003e-06,2.2359999999999998
2335.9120000000003,0.5516840000000001,0.002226,,2.226e-06,2.226
2335.978,0.554439,0.002233,,2.233e-06,2.233
2336.042,0.557538,0.002305,,2.3050000000000004e-06,2.305
2336.107,0.5609810000000001,0.0023190000000000003,,2.319e-06,2.3190000000000004
2336.174,0.564425,0.002229,,2.229e-06,2.229
2336.241,0.567524,0.002332,,2.332e-06,2.332
2336.3070000000002,0.5711390000000001,0.002343,,2.3430000000000003e-06,2.343
2336.371,0.574238,0.002277,,2.277e-06,2.2769999999999997
2336.436,0.577337,0.00225,,2.25e-06,2.25
2336.502,0.580608,0.00235,,2.35e-06,2.35
2336.567,0.583879,0.002336,,2.3359999999999997e-06,2.336
2336.633,0.587151,0.002274,,2.274e-06,2.274
2336.699,0.59025,0.002332,,2.332e-06,2.332
2336.765,0.593865,0.002391,,2.391e-06,2.391
2336.831,0.597308,0.002308,,2.308e-06,2.3080000000000003
2336.8979999999997,0.600063,0.002308,,2.308e-06,2.3080000000000003
2336.964,0.603506,0.002388,,2.3880000000000003e-06,2.388
2337.027,0.606777,0.002363,,2.363e-06,2.363
2337.092,0.610221,0.00227,,2.27e-06,2.27
2337.158,0.612975,0.00227,,2.27e-06,2.27
2337.224,0.6164189999999999,0.002329,,2.329e-06,2.329
2337.29,0.620034,0.002243,,2.243e-06,2.2430000000000003
2337.356,0.622961,0.002184,,2.184e-06,2.184
2337.4210000000003,0.626232,0.002257,,2.257e-06,2.257
2337.487,0.629848,0.002239,,2.239e-06,2.2390000000000003
2337.552,0.632947,0.002129,,2.129e-06,2.129
2337.619,0.636046,0.002146,,2.146e-06,2.146
2337.686,0.6394890000000001,0.002184,,2.184e-06,2.184
2337.752,0.643105,0.002064,,2.064e-06,2.064
2337.8160000000003,0.646203,0.002026,,2.0259999999999997e-06,2.026
2337.882,0.64913,0.002105,,2.105e-06,2.105
2337.949,0.652746,0.002036,,2.036e-06,2.036
2338.015,0.656017,0.001957,,1.957e-06,1.9569999999999999
2338.078,0.659116,0.001981,,1.981e-06,1.981
2338.143,0.662387,0.002036,,2.036e-06,2.036
2338.209,0.66583,0.001954,,1.9540000000000003e-06,1.954
2338.28,0.6691020000000001,0.001964,,1.964e-06,1.964
2338.346,0.672545,0.001998,,1.998e-06,1.998
2338.4120000000003,0.675816,0.001954,,1.9540000000000003e-06,1.954
2338.478,0.678743,0.002136,,2.136e-06,2.136
2338.545,0.682186,0.002422,,2.422e-06,2.422
2338.612,0.6856300000000001,0.002556,,2.556e-06,2.556
2338.679,0.6885560000000001,0.002804,,2.8039999999999998e-06,2.8040000000000003
2338.746,0.6920000000000001,0.002952,,2.952e-06,2.952
2338.813,0.695443,0.0028350000000000003,,2.835000000000001e-06,2.8350000000000004
2338.879,0.6983699999999999,0.002777,,2.777e-06,2.7769999999999997
2338.946,0.701813,0.002639,,2.6389999999999996e-06,2.639
2339.01,0.705256,0.0023940000000000003,,2.3940000000000003e-06,2.394
2339.076,0.708183,0.002215,,2.215e-06,2.215
2339.143,0.711627,0.002167,,2.1669999999999998e-06,2.1670000000000003
2339.209,0.715242,0.001961,,1.961e-06,1.9609999999999999
2339.276,0.718341,0.001826,,1.826e-06,1.8259999999999998
2339.342,0.722129,0.001833,,1.833e-06,1.833
2339.411,0.7254,0.0016469999999999998,,1.647e-06,1.6469999999999998
2339.476,0.728671,0.001592,,1.5920000000000004e-06,1.5919999999999999
2339.5429999999997,0.732114,0.001637,,1.637e-06,1.6369999999999998
2339.609,0.735558,0.001516,,1.516e-06,1.516
2339.674,0.738484,0.001444,,1.444e-06,1.444
2339.741,0.7421,0.00153,,1.5300000000000004e-06,1.53
2339.808,0.7455430000000001,0.001451,,1.451e-06,1.4509999999999998
2339.874,0.748642,0.001382,,1.3819999999999999e-06,1.382
2339.947,0.752258,0.001458,,1.458e-06,1.4580000000000002
2340.012,0.755357,0.001379,,1.379e-06,1.379
2340.075,0.758628,0.001403,,1.4030000000000002e-06,1.403
2340.139,0.761899,0.001482,,1.482e-06,1.482
2340.206,0.765342,0.001503,,1.503e-06,1.5030000000000001
2340.2729999999997,0.768614,0.001427,,1.4269999999999996e-06,1.4269999999999998
2340.339,0.771885,0.001551,,1.5509999999999998e-06,1.5510000000000002
2340.406,0.7751560000000001,0.001568,,1.568e-06,1.568
2340.471,0.7784270000000001,0.001503,,1.503e-06,1.5030000000000001
2340.5389999999998,0.781698,0.0016059999999999998,,1.6059999999999995e-06,1.606
2340.603,0.7849689999999999,0.001682,,1.6820000000000004e-06,1.6820000000000002
2340.667,0.7882399999999999,0.001637,,1.637e-06,1.6369999999999998
2340.735,0.791167,0.001623,,1.6230000000000004e-06,1.6230000000000002
2340.803,0.794611,0.001757,,1.7569999999999999e-06,1.757
2340.869,0.798054,0.001675,,1.675e-06,1.675
2340.936,0.801325,0.001702,,1.702e-06,1.702
2341.002,0.804596,0.001819,,1.819e-06,1.819
2341.0679999999998,0.807867,0.001754,,1.754e-06,1.754
2341.132,0.810966,0.00172,,1.72e-06,1.72
2341.198,0.8140649999999999,0.001826,,1.826e-06,1.8259999999999998
2341.264,0.817681,0.001861,,1.8609999999999998e-06,1.861
2341.331,0.82078,0.001754,,1.754e-06,1.754
2341.3979999999997,0.8242229999999999,0.001861,,1.8609999999999998e-06,1.861
2341.468,0.827839,0.001809,,1.809e-06,1.809
2341.535,0.830938,0.001819,,1.819e-06,1.819
2341.601,0.834037,0.001923,,1.923e-06,1.923
2341.666,0.8373079999999999,0.001881,,1.881e-06,1.881
